

gp_negbin_overdispersion = { param_value = 0.406967;

prior_distribution = 1;

prior_parameters = 1, 0.02;

proposal_variance = 1;

} 


hosp_negbin_overdispersion = { param_value = 0.1614489;

prior_distribution = 1;

prior_parameters = 1, 0.2;

proposal_variance = 2.799636;

} 


latent_period = { param_value = 1;

prior_distribution = 1;

}


relative_infectiousness = { param_value = 1.0;

prior_distribution = 1;
			    
}


importation_rates = { param_value = 0.0;

prior_distribution = 1;

}


infectious_period = { param_value = 0.1851309;

prior_distribution = 1;

prior_parameters = 1.43, 0.549;

proposal_variance = 0.007562;

}

r1_period = { param_value = 5.5;

prior_distribution = 1;

}

immunity_period = { param_value = 99999;

prior_distribution = 1;





}

vacc_1st_disease = { param_value = 0.4666667, 0.4666667, 0.7101449, 0.7101449, 0.479844, 0.45;

prior_distribution = 1, 1, 1, 1, 1, 1;

region_breakpoints = true;

age_breakpoints = true;

time_breakpoints =  1, 2, 3, 4, 5, 6, 7, 8, 9, 10, 11, 12, 13, 14, 15, 16, 17, 18, 19, 20, 21, 22, 23, 24, 25, 26, 27, 28, 29, 30, 31, 32, 33, 34, 35, 36, 37, 38, 39, 40, 41, 42, 43, 44, 45, 46, 47, 48, 49, 50, 51, 52, 53, 54, 55, 56, 57, 58, 59, 60, 61, 62, 63, 64, 65, 66, 67, 68, 69, 70, 71, 72, 73, 74, 75, 76, 77, 78, 79, 80, 81, 82, 83, 84, 85, 86, 87, 88, 89, 90, 91, 92, 93, 94, 95, 96, 97, 98, 99, 100, 101, 102, 103, 104, 105, 106, 107, 108, 109, 110, 111, 112, 113, 114, 115, 116, 117, 118, 119, 120, 121, 122, 123, 124, 125, 126, 127, 128, 129, 130, 131, 132, 133, 134, 135, 136, 137, 138, 139, 140, 141, 142, 143, 144 ;

regression_design = vac.alpha1.design.txt;

}

vacc_nth_disease = { param_value = 0.85, 0.6, 0.8, 0.8, 0.5555556, 0.55;

prior_distribution = 1, 1, 1, 1, 1, 1;

region_breakpoints = true;

age_breakpoints = true;

time_breakpoints =  1, 2, 3, 4, 5, 6, 7, 8, 9, 10, 11, 12, 13, 14, 15, 16, 17, 18, 19, 20, 21, 22, 23, 24, 25, 26, 27, 28, 29, 30, 31, 32, 33, 34, 35, 36, 37, 38, 39, 40, 41, 42, 43, 44, 45, 46, 47, 48, 49, 50, 51, 52, 53, 54, 55, 56, 57, 58, 59, 60, 61, 62, 63, 64, 65, 66, 67, 68, 69, 70, 71, 72, 73, 74, 75, 76, 77, 78, 79, 80, 81, 82, 83, 84, 85, 86, 87, 88, 89, 90, 91, 92, 93, 94, 95, 96, 97, 98, 99, 100, 101, 102, 103, 104, 105, 106, 107, 108, 109, 110, 111, 112, 113, 114, 115, 116, 117, 118, 119, 120, 121, 122, 123, 124, 125, 126, 127, 128, 129, 130, 131, 132, 133, 134, 135, 136, 137, 138, 139, 140, 141, 142, 143, 144 ;

regression_design = vac.alpha2.design.txt;

}

vacc_boost_disease = { param_value = 0.8;

prior_distribution = 1;









}

vacc_4th_disease = { param_value = 0.8;

prior_distribution = 1;











}


vacc_1st_infect = { param_value = 0.625, 0.625, 0.31, 0.31, 0.03875, 0;

prior_distribution = 1, 1, 1, 1, 1, 1;

region_breakpoints = true;

age_breakpoints = true;

time_breakpoints =  1, 2, 3, 4, 5, 6, 7, 8, 9, 10, 11, 12, 13, 14, 15, 16, 17, 18, 19, 20, 21, 22, 23, 24, 25, 26, 27, 28, 29, 30, 31, 32, 33, 34, 35, 36, 37, 38, 39, 40, 41, 42, 43, 44, 45, 46, 47, 48, 49, 50, 51, 52, 53, 54, 55, 56, 57, 58, 59, 60, 61, 62, 63, 64, 65, 66, 67, 68, 69, 70, 71, 72, 73, 74, 75, 76, 77, 78, 79, 80, 81, 82, 83, 84, 85, 86, 87, 88, 89, 90, 91, 92, 93, 94, 95, 96, 97, 98, 99, 100, 101, 102, 103, 104, 105, 106, 107, 108, 109, 110, 111, 112, 113, 114, 115, 116, 117, 118, 119, 120, 121, 122, 123, 124, 125, 126, 127, 128, 129, 130, 131, 132, 133, 134, 135, 136, 137, 138, 139, 140, 141, 142, 143, 144 ;

regression_design = vac.pi1.design.txt;

}

vacc_nth_infect = { param_value = 0.8, 0.775, 0.8, 0.65, 0.1, 0;

prior_distribution = 1, 1, 1, 1, 1, 1;

region_breakpoints = true;

age_breakpoints = true;

time_breakpoints =  1, 2, 3, 4, 5, 6, 7, 8, 9, 10, 11, 12, 13, 14, 15, 16, 17, 18, 19, 20, 21, 22, 23, 24, 25, 26, 27, 28, 29, 30, 31, 32, 33, 34, 35, 36, 37, 38, 39, 40, 41, 42, 43, 44, 45, 46, 47, 48, 49, 50, 51, 52, 53, 54, 55, 56, 57, 58, 59, 60, 61, 62, 63, 64, 65, 66, 67, 68, 69, 70, 71, 72, 73, 74, 75, 76, 77, 78, 79, 80, 81, 82, 83, 84, 85, 86, 87, 88, 89, 90, 91, 92, 93, 94, 95, 96, 97, 98, 99, 100, 101, 102, 103, 104, 105, 106, 107, 108, 109, 110, 111, 112, 113, 114, 115, 116, 117, 118, 119, 120, 121, 122, 123, 124, 125, 126, 127, 128, 129, 130, 131, 132, 133, 134, 135, 136, 137, 138, 139, 140, 141, 142, 143, 144 ;

regression_design = vac.pi2.design.txt;

}

vacc_boost_infect = { param_value = 0.95;

prior_distribution = 1;









}

vacc_4th_infect = { param_value = 0.95;

prior_distribution = 1;











}

prop_case_to_GP_consultation = { param_value = 0.1;

prior_distribution = 1;













}


contact_parameters = { param_value = 0, -0.472479758934338, -0.313967117064117, -0.533236056278882, -0.675641350575391, 0.158232451354057, 0, -0.253694349839158, 0.169205038487838, -0.845106396016346, -0.821713694819563, -0.538522587800267, 0, -0.70490175067195, -0.0481603138132264, -0.689373130399909, -0.621797772555151, 0.0401491335662828, 0, -0.85832769697209, -0.355660400925336, -0.340967373849409, -0.648842958622682, 0.481896059920746, 0, -0.916184686826025, -0.0229719904433721, 0.189330770674268, -0.859109675916238, 0.742219749394404, 0, -0.58747136125202, -0.0483406010113965, -0.549602475529708, -0.642182566262222, 0.249994989681392, 0, -0.609211833279203, -0.0499246212245831, -0.204802758126171, -0.841667748037715, 0.492986113163411;

prior_distribution = 1, 1, 1, 1, 1, 1, 1, 1, 1, 1, 1, 1, 1, 1, 1, 1, 1, 1, 1, 1, 1, 1, 1, 1, 1, 1, 1, 1, 1, 1, 1, 1, 1, 1, 1, 1, 1, 1, 1, 1, 1, 1;

prior_parameters = -0.6554688, 0.194109197515072, -0.111571775657105, 0.472380727077439, -0.111571775657105, 0.472380727077439, -0.6554688, 0.194109197515072, -0.111571775657105, 0.472380727077439, -0.6554688, 0.194109197515072, -0.111571775657105, 0.472380727077439, -0.111571775657105, 0.472380727077439, -0.6554688, 0.194109197515072, -0.111571775657105, 0.472380727077439, -0.6554688, 0.194109197515072, -0.111571775657105, 0.472380727077439, -0.111571775657105, 0.472380727077439, -0.6554688, 0.194109197515072, -0.111571775657105, 0.472380727077439, -0.6554688, 0.194109197515072, -0.111571775657105, 0.472380727077439, -0.111571775657105, 0.472380727077439, -0.6554688, 0.194109197515072, -0.111571775657105, 0.472380727077439, -0.6554688, 0.194109197515072, -0.111571775657105, 0.472380727077439, -0.111571775657105, 0.472380727077439, -0.6554688, 0.194109197515072, -0.111571775657105, 0.472380727077439, -0.6554688, 0.194109197515072, -0.111571775657105, 0.472380727077439, -0.111571775657105, 0.472380727077439, -0.6554688, 0.194109197515072, -0.111571775657105, 0.472380727077439, -0.6554688, 0.194109197515072, -0.111571775657105, 0.472380727077439, -0.111571775657105, 0.472380727077439, -0.6554688, 0.194109197515072, -0.111571775657105, 0.472380727077439;

proposal_variance = 0, 0.003462, 0.003462, 0.000018, 0.000463, 0.000463, 0, 0.000769, 0.000769, 0.000037, 0.001446, 0.001446, 0, 0.001795, 0.001795, 0.000009, 0.00036, 0.00036, 0, 0.005577, 0.005577, 0.00001, 0.000311, 0.000311, 0, 0.003568, 0.003568, 0.000015, 0.000486, 0.000486, 0, 0.002389, 0.002389, 0.000012, 0.000359, 0.000359, 0, 0.004945, 0.004945, 0.000047, 0.000871, 0.000871;

region_breakpoints = true;

regression_link = 1;

regional_param = true;



} ### ANY REGIONAL OR TEMPORAL OR AGE DEPENDENCE IS SPECIFIED ELSEWHERE FOR THIS PARAMETER


log_beta_rw = { param_value = 0, -0.0765433453738684, 0.251659962253028, 0.043461050380398, 0.0162228018965478, 0.186359120913373, -0.249114067912861, -0.183984546582444, -0.278736191281735, 0.141258106534623, -0.0888028970201164, 0, 0.0594107188035427, 0.255566042726105, 0.309189983763252, -0.00290148413289253, -0.00792523520593709, 0.0314859708168829, 0.00459563844105372, 0.108739046589369, 0.0446656579453018, -0.198389127827363, 0, 0.201480069115932, 0.12576690568093, 0.0497910152412215, 0.239373441419096, -0.209614118641248, -0.152141197978222, -0.158930786471506, 0.240319793044127, -0.242386857586346, 0.0956477450287888, 0, -0.124429019661253, -0.0190870772435284, 0.171505520943168, 0.0416058944652966, 0.0121852524318112, -0.323855476911572, 0.0347969905098708, -0.0607421624021491, -0.00645046218471113, -0.151096160108673, 0, -0.412690096111341, 0.0185971404661384, 0.0350014623900543, 0.0920056331181706, -0.0545568679153834, 0.276302543230215, -0.230075516386729, -0.0798182281586321, -0.209324107921337, 0.11347416739874, 0, 0.23605848242047, 0.123181310734631, -0.0980384525908904, 0.170398649225764, 0.0162917577800571, -0.0643704533483132, -0.32845869138009, 0.108270211771339, 0.0563256750679951, 0.00460487546015718, 0, -0.0176959191888522, -0.183102779463774, 0.00855162108012892, 0.303266588870335, -0.134718307914627, 0.00457140644095242, -0.10476904442008, -0.146463411237218, 0.139542046192105, 0.0894799648864048;

prior_distribution = 1, 1, 1, 1, 1, 1, 1, 1, 1, 1, 1, 1, 1, 1, 1, 1, 1, 1, 1, 1, 1, 1, 1, 1, 1, 1, 1, 1, 1, 1, 1, 1, 1, 1, 1, 1, 1, 1, 1, 1, 1, 1, 1, 1, 1, 1, 1, 1, 1, 1, 1, 1, 1, 1, 1, 1, 1, 1, 1, 1, 1, 1, 1, 1, 1, 1, 1, 1, 1, 1, 1, 1, 1, 1, 1, 1, 1;

prior_parameters = "log_beta_rw_sd";

proposal_variance = 0, 0.000026, 0.00005, 0.000041, 0.000104, 0.000272, 0.000507, 0.00169, 0.004086, 0.01302, 0.02, 0, 0.000064, 0.000057, 0.000147, 0.000216, 0.000398, 0.001232, 0.002377, 0.00685, 0.008003, 0.02, 0, 0.00001, 0.000023, 0.000038, 0.000056, 0.000201, 0.000328, 0.000916, 0.002964, 0.009492, 0.02, 0, 0.000013, 0.000021, 0.000046, 0.000072, 0.00016, 0.000461, 0.001537, 0.003515, 0.009118, 0.02, 0, 0.000013, 0.000019, 0.000032, 0.000098, 0.000124, 0.000218, 0.00088, 0.002066, 0.00502, 0.02, 0, 0.00002, 0.000028, 0.000038, 0.000122, 0.000222, 0.000458, 0.000816, 0.004169, 0.010337, 0.02, 0, 0.000075, 0.000084, 0.000121, 0.000243, 0.000402, 0.0008, 0.003132, 0.007688, 0.010336, 0.01;

prior_hyper = 1;

regression_link = 1;

regression_design = beta.design.txt;

time_breakpoints = 43, 50, 57, 64, 71, 78, 85, 92, 99, 106;

region_breakpoints = true;

regional_param = true;

}  ## WILL NEED TO GIVE A FACTOR OF 1 IN THE FIRST COMPONENT AFTER THE INVERSE CANONICAL LINK TRANSFORMATION IS APPLIED.


log_beta_rw_sd = { param_value = 0, 0.1248042;

prior_distribution = 1, 1;

prior_parameters = 1, 100;

proposal_variance = 0, 0.097174;

}

R0_amplitude_kA = { param_value = 0.0;

prior_distribution = 1;

}


R0_seasonal_peakday = { param_value = 355;

prior_distribution = 1;

}


exponential_growth_rate = { param_value = 0.268474826975242, 0.240935333792176, 0.254159554027702, 0.290981038465119, 0.22703419191172, 0.224440941889437, 0.239405319982444;

prior_distribution = 1, 1, 1, 1, 1, 1, 1;

prior_parameters = 31.36, 224, 31.36, 224, 31.36, 224, 31.36, 224, 31.36, 224, 31.36, 224, 31.36, 224;

proposal_variance = 0.000003, 0.000003, 0.000003, 0.000003, 0.000003, 0.000003, 0.000003;

region_breakpoints = true;

regional_param = true;

}


log_p_lambda_0 = { param_value = -16.4057537197518, -14.2193555999889, -15.8615593086363, -17.5548852072927, -15.4902261204117, -15.4288784168946, -16.7274718179641;

prior_distribution = 1, 1, 1, 1, 1, 1, 1;

prior_parameters = -17.5, 1.25, -17.5, 1.25, -17.5, 1.25, -17.5, 1.25, -17.5, 1.25, -17.5, 1.25, -17.5, 1.25;

proposal_variance = 0.000284;

region_breakpoints = true;

regional_param = true;

}

prop_susceptible = { param_value = 1.0;

prior_distributions = 1;

}


prop_HI_32_to_HI_8 = {	param_value = 1.0;

prior_distributions = 1;

}


prop_symptomatic = { param_value = 1.0;

prior_distributions = 1;

}


prop_case_to_hosp = { param_value = 0.00000606057721221437, 0.0000206820355878235, 0.000053803741221671, 0.000278516967273358, 0.00457579330029965, 0.029568851135418, 0.152226675203689;

prior_distributions = 1, 1, 1, 1, 1, 1, 1;

prior_parameters = 1, 62110.801242236, 1, 23363.4859813084, 1, 5290.00529100529, 1, 1107.64745011086, 1, 120.951219512195, 1, 31.1543408360129, 9.5, 112;

proposal_variance = 0.00036, 0.00036, 0.00036, 0.00036, 0.00036, 0.00036, 0.00036;

age_breakpoints = 2, 3, 4, 5, 6, 7;







}


prop_case_to_death = { param_value = 0.01;

prior_distribution = 1;

}


background_GP = { param_value = 0.0;

prior_distribution = 1;

}


day_of_week_effects = { param_value = 1;

prior_distribution = 1;











}

test_sensitivity = { param_value = 1;

prior_distribution = 1;

} ## CODE CURRENTLY IGNORES ANY VARIATION


test_specificity = { param_value = 1;

prior_distribution = 1;

} ## CODE CURRENTLY IGNORES ANY VARIATION


sero_test_sensitivity = { param_value = 0.7326424;

prior_distribution = 1;

prior_parameters = 52.9, 17.9;

proposal_variance = 0.1;

} ## CODE CURRENTLY IGNORES ANY VARIATION


sero_test_specificity = { param_value = 0.960208;

prior_distribution = 1;

prior_parameters = 314, 3.18;

proposal_variance = 0.077976;

} ## CODE CURRENTLY IGNORES ANY VARIATION


exponential_growth_rate_hyper = { param_value = 6.3, 57;

prior_distribution = 1, 1;

}


l_p_lambda_0_hyper = { param_value = -19.1495, 4.05411;

prior_distribution = 1, 1;

}


prop_susceptible_hyper = { param_value = 0, 0, 0, 0, 0, 0, 0;

prior_distribution = 1, 1, 1, 1, 1, 1, 1;

}


incubation_distribution = { gamma_mean = 4.0;

gamma_sd = 1.41;

}


symp_to_gp_distribution = { gamma_mean = 0.0;

gamma_sd = 0.0;

}


symp_to_hosp_distribution = { gamma_mean = 15;

gamma_sd = 12.1;

}


symp_to_death_distribution = { gamma_mean = 0.0;

gamma_sd = 0.0;

}


gp_reporting_distribution = { gamma_mean = 3;

gamma_sd = 3;

}


hosp_reporting_distribution = { gamma_mean = 0;

gamma_sd = 0;

}


death_reporting_distribution = { gamma_mean = 0.0;

gamma_sd = 0.0;

}
