

gp_negbin_overdispersion = { param_value = 0.406967;

prior_distribution = 1;

prior_parameters = 1, 0.02;

proposal_variance = 1;

} 


hosp_negbin_overdispersion = { param_value = 0.1176272;

prior_distribution = 1;

prior_parameters = 1, 0.2;

proposal_variance = 2.799636;

} 


latent_period = { param_value = 1;

prior_distribution = 1;

}


relative_infectiousness = { param_value = 1.0;

prior_distribution = 1;
			    
}


importation_rates = { param_value = 0.0;

prior_distribution = 1;

}


infectious_period = { param_value = 11.3766945;

prior_distribution = 1;

prior_parameters = 1.43, 0.549;

proposal_variance = 0.007562;

}

r1_period = { param_value = 5.5;

prior_distribution = 1;

}

immunity_period = { param_value = 99999;

prior_distribution = 1;





}

vacc_1st_disease = { param_value = 0.4666667, 0.4666667, 0.7101449, 0.7101449, 0.479844, 0.45;

prior_distribution = 1, 1, 1, 1, 1, 1;

region_breakpoints = true;

age_breakpoints = true;

time_breakpoints =  1, 2, 3, 4, 5, 6, 7, 8, 9, 10, 11, 12, 13, 14, 15, 16, 17, 18, 19, 20, 21, 22, 23, 24, 25, 26, 27, 28, 29, 30, 31, 32, 33, 34, 35, 36, 37, 38, 39, 40, 41, 42, 43, 44, 45, 46, 47, 48, 49, 50, 51, 52, 53, 54, 55, 56, 57, 58, 59, 60, 61, 62, 63, 64, 65, 66, 67, 68, 69, 70, 71, 72, 73, 74, 75, 76, 77, 78, 79, 80, 81, 82, 83, 84, 85, 86, 87, 88, 89, 90, 91, 92, 93, 94, 95, 96, 97, 98, 99, 100, 101, 102, 103, 104, 105, 106, 107, 108, 109, 110, 111, 112, 113, 114, 115, 116, 117, 118, 119, 120, 121, 122, 123, 124, 125, 126, 127, 128, 129, 130, 131, 132, 133, 134, 135, 136, 137, 138, 139, 140, 141, 142, 143, 144 ;

regression_design = vac.alpha1.design.txt;

}

vacc_nth_disease = { param_value = 0.85, 0.6, 0.8, 0.8, 0.5555556, 0.55;

prior_distribution = 1, 1, 1, 1, 1, 1;

region_breakpoints = true;

age_breakpoints = true;

time_breakpoints =  1, 2, 3, 4, 5, 6, 7, 8, 9, 10, 11, 12, 13, 14, 15, 16, 17, 18, 19, 20, 21, 22, 23, 24, 25, 26, 27, 28, 29, 30, 31, 32, 33, 34, 35, 36, 37, 38, 39, 40, 41, 42, 43, 44, 45, 46, 47, 48, 49, 50, 51, 52, 53, 54, 55, 56, 57, 58, 59, 60, 61, 62, 63, 64, 65, 66, 67, 68, 69, 70, 71, 72, 73, 74, 75, 76, 77, 78, 79, 80, 81, 82, 83, 84, 85, 86, 87, 88, 89, 90, 91, 92, 93, 94, 95, 96, 97, 98, 99, 100, 101, 102, 103, 104, 105, 106, 107, 108, 109, 110, 111, 112, 113, 114, 115, 116, 117, 118, 119, 120, 121, 122, 123, 124, 125, 126, 127, 128, 129, 130, 131, 132, 133, 134, 135, 136, 137, 138, 139, 140, 141, 142, 143, 144 ;

regression_design = vac.alpha2.design.txt;

}

vacc_boost_disease = { param_value = 0.8;

prior_distribution = 1;









}

vacc_4th_disease = { param_value = 0.8;

prior_distribution = 1;











}


vacc_1st_infect = { param_value = 0.625, 0.625, 0.31, 0.31, 0.03875, 0;

prior_distribution = 1, 1, 1, 1, 1, 1;

region_breakpoints = true;

age_breakpoints = true;

time_breakpoints =  1, 2, 3, 4, 5, 6, 7, 8, 9, 10, 11, 12, 13, 14, 15, 16, 17, 18, 19, 20, 21, 22, 23, 24, 25, 26, 27, 28, 29, 30, 31, 32, 33, 34, 35, 36, 37, 38, 39, 40, 41, 42, 43, 44, 45, 46, 47, 48, 49, 50, 51, 52, 53, 54, 55, 56, 57, 58, 59, 60, 61, 62, 63, 64, 65, 66, 67, 68, 69, 70, 71, 72, 73, 74, 75, 76, 77, 78, 79, 80, 81, 82, 83, 84, 85, 86, 87, 88, 89, 90, 91, 92, 93, 94, 95, 96, 97, 98, 99, 100, 101, 102, 103, 104, 105, 106, 107, 108, 109, 110, 111, 112, 113, 114, 115, 116, 117, 118, 119, 120, 121, 122, 123, 124, 125, 126, 127, 128, 129, 130, 131, 132, 133, 134, 135, 136, 137, 138, 139, 140, 141, 142, 143, 144 ;

regression_design = vac.pi1.design.txt;

}

vacc_nth_infect = { param_value = 0.8, 0.775, 0.8, 0.65, 0.1, 0;

prior_distribution = 1, 1, 1, 1, 1, 1;

region_breakpoints = true;

age_breakpoints = true;

time_breakpoints =  1, 2, 3, 4, 5, 6, 7, 8, 9, 10, 11, 12, 13, 14, 15, 16, 17, 18, 19, 20, 21, 22, 23, 24, 25, 26, 27, 28, 29, 30, 31, 32, 33, 34, 35, 36, 37, 38, 39, 40, 41, 42, 43, 44, 45, 46, 47, 48, 49, 50, 51, 52, 53, 54, 55, 56, 57, 58, 59, 60, 61, 62, 63, 64, 65, 66, 67, 68, 69, 70, 71, 72, 73, 74, 75, 76, 77, 78, 79, 80, 81, 82, 83, 84, 85, 86, 87, 88, 89, 90, 91, 92, 93, 94, 95, 96, 97, 98, 99, 100, 101, 102, 103, 104, 105, 106, 107, 108, 109, 110, 111, 112, 113, 114, 115, 116, 117, 118, 119, 120, 121, 122, 123, 124, 125, 126, 127, 128, 129, 130, 131, 132, 133, 134, 135, 136, 137, 138, 139, 140, 141, 142, 143, 144 ;

regression_design = vac.pi2.design.txt;

}

vacc_boost_infect = { param_value = 0.95;

prior_distribution = 1;









}

vacc_4th_infect = { param_value = 0.95;

prior_distribution = 1;











}

prop_case_to_GP_consultation = { param_value = 0.1;

prior_distribution = 1;













}


contact_parameters = { param_value = 0, -0.495279680816273, 0.281681625869025, -1.20158525748805, -0.982798986309006, -0.451248757015272, 0, -0.481363590277175, 0.378953622405566, -1.53821496525032, -1.05038093898258, -1.08756233077079, 0, -0.863744895303607, 0.31353592765928, -1.16278111992736, -0.775450387278946, -0.279337392416482, 0, -0.236549625712272, 0.252016076445991, -1.37963384893869, -0.860090387873903, -0.304221876200998, 0, -0.470571801412404, 0.213783625034963, -1.06123294450238, -0.606295728470347, -0.170429678867717, 0, -0.64431896747156, 0.357883519311236, -1.11079357093993, -0.747839349617434, -0.227693292436208, 0, -1.24900773407768, 0.297009421329608, -0.783343193410001, -0.346490399958938, 0.0759130128838685;

prior_distribution = 1, 1, 1, 1, 1, 1, 1, 1, 1, 1, 1, 1, 1, 1, 1, 1, 1, 1, 1, 1, 1, 1, 1, 1, 1, 1, 1, 1, 1, 1, 1, 1, 1, 1, 1, 1, 1, 1, 1, 1, 1, 1;

prior_parameters = -0.6554688, 0.194109197515072, -0.111571775657105, 0.472380727077439, -0.111571775657105, 0.472380727077439, -0.6554688, 0.194109197515072, -0.111571775657105, 0.472380727077439, -0.6554688, 0.194109197515072, -0.111571775657105, 0.472380727077439, -0.111571775657105, 0.472380727077439, -0.6554688, 0.194109197515072, -0.111571775657105, 0.472380727077439, -0.6554688, 0.194109197515072, -0.111571775657105, 0.472380727077439, -0.111571775657105, 0.472380727077439, -0.6554688, 0.194109197515072, -0.111571775657105, 0.472380727077439, -0.6554688, 0.194109197515072, -0.111571775657105, 0.472380727077439, -0.111571775657105, 0.472380727077439, -0.6554688, 0.194109197515072, -0.111571775657105, 0.472380727077439, -0.6554688, 0.194109197515072, -0.111571775657105, 0.472380727077439, -0.111571775657105, 0.472380727077439, -0.6554688, 0.194109197515072, -0.111571775657105, 0.472380727077439, -0.6554688, 0.194109197515072, -0.111571775657105, 0.472380727077439, -0.111571775657105, 0.472380727077439, -0.6554688, 0.194109197515072, -0.111571775657105, 0.472380727077439, -0.6554688, 0.194109197515072, -0.111571775657105, 0.472380727077439, -0.111571775657105, 0.472380727077439, -0.6554688, 0.194109197515072, -0.111571775657105, 0.472380727077439;

proposal_variance = 0, 0.003462, 0.003462, 0.000018, 0.000463, 0.000463, 0, 0.000769, 0.000769, 0.000037, 0.001446, 0.001446, 0, 0.001795, 0.001795, 0.000009, 0.00036, 0.00036, 0, 0.005577, 0.005577, 0.00001, 0.000311, 0.000311, 0, 0.003568, 0.003568, 0.000015, 0.000486, 0.000486, 0, 0.002389, 0.002389, 0.000012, 0.000359, 0.000359, 0, 0.004945, 0.004945, 0.000047, 0.000871, 0.000871;

region_breakpoints = true;

regression_link = 1;

regional_param = true;



} ### ANY REGIONAL OR TEMPORAL OR AGE DEPENDENCE IS SPECIFIED ELSEWHERE FOR THIS PARAMETER


log_beta_rw = { param_value = 0, 0.0185372245710154, 0.120630138435553, -0.22149783524946, 0.0843637041598216, -0.163080932236112, -0.170772632531511, -0.261024605142207, -0.097391723829738, -0.365885038707196, 0.409150187130015, 0, 0.327661843892193, -0.129656003964174, -0.151884429111699, -0.0861418456243981, 0.0395787421545604, -0.228944303787, -0.158959105198447, 0.276135249410089, 0.0705219977002492, 0.216044447693947, 0, -0.0733895910921944, 0.1754789641772, -0.145549648097606, 0.0701324289577735, -0.137439913235158, 0.0258859194739307, -0.12125858585281, -0.390223236735719, 0.079269819474151, -0.351225760712729, 0, 0.0134165970818961, 0.295257228891119, -0.249793765363218, -0.257562394882464, 0.0404139278524059, -0.1892955665738, -0.139298928769287, -0.293906263026842, 0.0857881451576935, -0.107227701551853, 0, -0.189254777705308, -0.100083132619688, 0.0707916395950031, -0.261927179493999, -0.224260330536176, 0.230716469680969, -0.00753763837394734, -0.0411489490500962, -0.252592180198752, 0.0819995982515956, 0, 0.157401000209545, -0.105709401887612, -0.25860232388356, 0.224728881489972, -0.320472585753861, 0.0496371667951945, -0.0595809945658537, -0.0852069007909574, -0.378762111841141, -0.307932403900813, 0, -0.220715603518169, -0.150684045057348, -0.209268245484279, 0.0668973731119093, -0.252242605135435, -0.141800211156441, -0.226149771608519, -0.083821664923178, 0.130888882076272, -0.000353929057321841;

prior_distribution = 1, 1, 1, 1, 1, 1, 1, 1, 1, 1, 1, 1, 1, 1, 1, 1, 1, 1, 1, 1, 1, 1, 1, 1, 1, 1, 1, 1, 1, 1, 1, 1, 1, 1, 1, 1, 1, 1, 1, 1, 1, 1, 1, 1, 1, 1, 1, 1, 1, 1, 1, 1, 1, 1, 1, 1, 1, 1, 1, 1, 1, 1, 1, 1, 1, 1, 1, 1, 1, 1, 1, 1, 1, 1, 1, 1, 1;

prior_parameters = "log_beta_rw_sd";

proposal_variance = 0, 0.000026, 0.00005, 0.000041, 0.000104, 0.000272, 0.000507, 0.00169, 0.004086, 0.01302, 0.02, 0, 0.000064, 0.000057, 0.000147, 0.000216, 0.000398, 0.001232, 0.002377, 0.00685, 0.008003, 0.02, 0, 0.00001, 0.000023, 0.000038, 0.000056, 0.000201, 0.000328, 0.000916, 0.002964, 0.009492, 0.02, 0, 0.000013, 0.000021, 0.000046, 0.000072, 0.00016, 0.000461, 0.001537, 0.003515, 0.009118, 0.02, 0, 0.000013, 0.000019, 0.000032, 0.000098, 0.000124, 0.000218, 0.00088, 0.002066, 0.00502, 0.02, 0, 0.00002, 0.000028, 0.000038, 0.000122, 0.000222, 0.000458, 0.000816, 0.004169, 0.010337, 0.02, 0, 0.000075, 0.000084, 0.000121, 0.000243, 0.000402, 0.0008, 0.003132, 0.007688, 0.010336, 0.01;

prior_hyper = 1;

regression_link = 1;

regression_design = beta.design.txt;

time_breakpoints = 43, 50, 57, 64, 71, 78, 85, 92, 99, 106;

region_breakpoints = true;

regional_param = true;

}  ## WILL NEED TO GIVE A FACTOR OF 1 IN THE FIRST COMPONENT AFTER THE INVERSE CANONICAL LINK TRANSFORMATION IS APPLIED.


log_beta_rw_sd = { param_value = 0, 0.1389729;

prior_distribution = 1, 1;

prior_parameters = 1, 100;

proposal_variance = 0, 0.097174;

}

R0_amplitude_kA = { param_value = 0.0;

prior_distribution = 1;

}


R0_seasonal_peakday = { param_value = 355;

prior_distribution = 1;

}


exponential_growth_rate = { param_value = 0.197251809340325, 0.155765359840474, 0.173868920229847, 0.229883955048081, 0.215586203049855, 0.172536714767963, 0.17382742833729;

prior_distribution = 1, 1, 1, 1, 1, 1, 1;

prior_parameters = 31.36, 224, 31.36, 224, 31.36, 224, 31.36, 224, 31.36, 224, 31.36, 224, 31.36, 224;

proposal_variance = 0.000003, 0.000003, 0.000003, 0.000003, 0.000003, 0.000003, 0.000003;

region_breakpoints = true;

regional_param = true;

}


log_p_lambda_0 = { param_value = -14.1203118275132, -11.6862265943008, -13.3685128668686, -15.1059059112796, -14.4115482635378, -13.71623578805, -14.5492061871433;

prior_distribution = 1, 1, 1, 1, 1, 1, 1;

prior_parameters = -17.5, 1.25, -17.5, 1.25, -17.5, 1.25, -17.5, 1.25, -17.5, 1.25, -17.5, 1.25, -17.5, 1.25;

proposal_variance = 0.000284;

region_breakpoints = true;

regional_param = true;

}

prop_susceptible = { param_value = 1.0;

prior_distributions = 1;

}


prop_HI_32_to_HI_8 = {	param_value = 1.0;

prior_distributions = 1;

}


prop_symptomatic = { param_value = 1.0;

prior_distributions = 1;

}


prop_case_to_hosp = { param_value = 0.00000166038023766397, 0.0000116050275018694, 0.0000304857557501594, 0.000263375464428976, 0.00375579129997444, 0.024134054797855, 0.107497795284837;

prior_distributions = 1, 1, 1, 1, 1, 1, 1;

prior_parameters = 1, 62110.801242236, 1, 23363.4859813084, 1, 5290.00529100529, 1, 1107.64745011086, 1, 120.951219512195, 1, 31.1543408360129, 9.5, 112;

proposal_variance = 0.00036, 0.00036, 0.00036, 0.00036, 0.00036, 0.00036, 0.00036;

age_breakpoints = 2, 3, 4, 5, 6, 7;







}


prop_case_to_death = { param_value = 0.01;

prior_distribution = 1;

}


background_GP = { param_value = 0.0;

prior_distribution = 1;

}


day_of_week_effects = { param_value = 1;

prior_distribution = 1;











}

test_sensitivity = { param_value = 1;

prior_distribution = 1;

} ## CODE CURRENTLY IGNORES ANY VARIATION


test_specificity = { param_value = 1;

prior_distribution = 1;

} ## CODE CURRENTLY IGNORES ANY VARIATION


sero_test_sensitivity = { param_value = 0.7888963;

prior_distribution = 1;

prior_parameters = 52.9, 17.9;

proposal_variance = 0.1;

} ## CODE CURRENTLY IGNORES ANY VARIATION


sero_test_specificity = { param_value = 0.9688719;

prior_distribution = 1;

prior_parameters = 314, 3.18;

proposal_variance = 0.077976;

} ## CODE CURRENTLY IGNORES ANY VARIATION


exponential_growth_rate_hyper = { param_value = 6.3, 57;

prior_distribution = 1, 1;

}


l_p_lambda_0_hyper = { param_value = -19.1495, 4.05411;

prior_distribution = 1, 1;

}


prop_susceptible_hyper = { param_value = 0, 0, 0, 0, 0, 0, 0;

prior_distribution = 1, 1, 1, 1, 1, 1, 1;

}


incubation_distribution = { gamma_mean = 4.0;

gamma_sd = 1.41;

}


symp_to_gp_distribution = { gamma_mean = 0.0;

gamma_sd = 0.0;

}


symp_to_hosp_distribution = { gamma_mean = 15;

gamma_sd = 6.9;

}


symp_to_death_distribution = { gamma_mean = 0.0;

gamma_sd = 0.0;

}


gp_reporting_distribution = { gamma_mean = 3;

gamma_sd = 3;

}


hosp_reporting_distribution = { gamma_mean = 0;

gamma_sd = 0;

}


death_reporting_distribution = { gamma_mean = 0.0;

gamma_sd = 0.0;

}
