

gp_negbin_overdispersion = { param_value = 0.406967;

prior_distribution = 1;

prior_parameters = 1, 0.02;

proposal_variance = 1;

} 


hosp_negbin_overdispersion = { param_value = 0.1218541;

prior_distribution = 1;

prior_parameters = 1, 0.2;

proposal_variance = 2.799636;

} 


latent_period = { param_value = 1;

prior_distribution = 1;

}


relative_infectiousness = { param_value = 1.0;

prior_distribution = 1;
			    
}


importation_rates = { param_value = 0.0;

prior_distribution = 1;

}


infectious_period = { param_value = 0.1247132;

prior_distribution = 1;

prior_parameters = 1.43, 0.549;

proposal_variance = 0.007562;

}

r1_period = { param_value = 5.5;

prior_distribution = 1;

}

immunity_period = { param_value = 99999;

prior_distribution = 1;





}

vacc_1st_disease = { param_value = 0.4666667, 0.4666667, 0.7101449, 0.7101449, 0.479844, 0.45;

prior_distribution = 1, 1, 1, 1, 1, 1;

region_breakpoints = true;

age_breakpoints = true;

time_breakpoints =  1, 2, 3, 4, 5, 6, 7, 8, 9, 10, 11, 12, 13, 14, 15, 16, 17, 18, 19, 20, 21, 22, 23, 24, 25, 26, 27, 28, 29, 30, 31, 32, 33, 34, 35, 36, 37, 38, 39, 40, 41, 42, 43, 44, 45, 46, 47, 48, 49, 50, 51, 52, 53, 54, 55, 56, 57, 58, 59, 60, 61, 62, 63, 64, 65, 66, 67, 68, 69, 70, 71, 72, 73, 74, 75, 76, 77, 78, 79, 80, 81, 82, 83, 84, 85, 86, 87, 88, 89, 90, 91, 92, 93, 94, 95, 96, 97, 98, 99, 100, 101, 102, 103, 104, 105, 106, 107, 108, 109, 110, 111, 112, 113, 114, 115, 116, 117, 118, 119, 120, 121, 122, 123, 124, 125, 126, 127, 128, 129, 130, 131, 132, 133, 134, 135, 136, 137, 138, 139, 140, 141, 142, 143, 144 ;

regression_design = vac.alpha1.design.txt;

}

vacc_nth_disease = { param_value = 0.85, 0.6, 0.8, 0.8, 0.5555556, 0.55;

prior_distribution = 1, 1, 1, 1, 1, 1;

region_breakpoints = true;

age_breakpoints = true;

time_breakpoints =  1, 2, 3, 4, 5, 6, 7, 8, 9, 10, 11, 12, 13, 14, 15, 16, 17, 18, 19, 20, 21, 22, 23, 24, 25, 26, 27, 28, 29, 30, 31, 32, 33, 34, 35, 36, 37, 38, 39, 40, 41, 42, 43, 44, 45, 46, 47, 48, 49, 50, 51, 52, 53, 54, 55, 56, 57, 58, 59, 60, 61, 62, 63, 64, 65, 66, 67, 68, 69, 70, 71, 72, 73, 74, 75, 76, 77, 78, 79, 80, 81, 82, 83, 84, 85, 86, 87, 88, 89, 90, 91, 92, 93, 94, 95, 96, 97, 98, 99, 100, 101, 102, 103, 104, 105, 106, 107, 108, 109, 110, 111, 112, 113, 114, 115, 116, 117, 118, 119, 120, 121, 122, 123, 124, 125, 126, 127, 128, 129, 130, 131, 132, 133, 134, 135, 136, 137, 138, 139, 140, 141, 142, 143, 144 ;

regression_design = vac.alpha2.design.txt;

}

vacc_boost_disease = { param_value = 0.8;

prior_distribution = 1;









}

vacc_4th_disease = { param_value = 0.8;

prior_distribution = 1;











}


vacc_1st_infect = { param_value = 0.625, 0.625, 0.31, 0.31, 0.03875, 0;

prior_distribution = 1, 1, 1, 1, 1, 1;

region_breakpoints = true;

age_breakpoints = true;

time_breakpoints =  1, 2, 3, 4, 5, 6, 7, 8, 9, 10, 11, 12, 13, 14, 15, 16, 17, 18, 19, 20, 21, 22, 23, 24, 25, 26, 27, 28, 29, 30, 31, 32, 33, 34, 35, 36, 37, 38, 39, 40, 41, 42, 43, 44, 45, 46, 47, 48, 49, 50, 51, 52, 53, 54, 55, 56, 57, 58, 59, 60, 61, 62, 63, 64, 65, 66, 67, 68, 69, 70, 71, 72, 73, 74, 75, 76, 77, 78, 79, 80, 81, 82, 83, 84, 85, 86, 87, 88, 89, 90, 91, 92, 93, 94, 95, 96, 97, 98, 99, 100, 101, 102, 103, 104, 105, 106, 107, 108, 109, 110, 111, 112, 113, 114, 115, 116, 117, 118, 119, 120, 121, 122, 123, 124, 125, 126, 127, 128, 129, 130, 131, 132, 133, 134, 135, 136, 137, 138, 139, 140, 141, 142, 143, 144 ;

regression_design = vac.pi1.design.txt;

}

vacc_nth_infect = { param_value = 0.8, 0.775, 0.8, 0.65, 0.1, 0;

prior_distribution = 1, 1, 1, 1, 1, 1;

region_breakpoints = true;

age_breakpoints = true;

time_breakpoints =  1, 2, 3, 4, 5, 6, 7, 8, 9, 10, 11, 12, 13, 14, 15, 16, 17, 18, 19, 20, 21, 22, 23, 24, 25, 26, 27, 28, 29, 30, 31, 32, 33, 34, 35, 36, 37, 38, 39, 40, 41, 42, 43, 44, 45, 46, 47, 48, 49, 50, 51, 52, 53, 54, 55, 56, 57, 58, 59, 60, 61, 62, 63, 64, 65, 66, 67, 68, 69, 70, 71, 72, 73, 74, 75, 76, 77, 78, 79, 80, 81, 82, 83, 84, 85, 86, 87, 88, 89, 90, 91, 92, 93, 94, 95, 96, 97, 98, 99, 100, 101, 102, 103, 104, 105, 106, 107, 108, 109, 110, 111, 112, 113, 114, 115, 116, 117, 118, 119, 120, 121, 122, 123, 124, 125, 126, 127, 128, 129, 130, 131, 132, 133, 134, 135, 136, 137, 138, 139, 140, 141, 142, 143, 144 ;

regression_design = vac.pi2.design.txt;

}

vacc_boost_infect = { param_value = 0.95;

prior_distribution = 1;









}

vacc_4th_infect = { param_value = 0.95;

prior_distribution = 1;











}

prop_case_to_GP_consultation = { param_value = 0.1;

prior_distribution = 1;













}


contact_parameters = { param_value = 0, -0.660269936863609, -0.0165018751504133, -0.319082300164826, -0.891960746987849, 0.216192643483464, 0, -0.748131189444849, 0.208939883108007, -0.570078433352994, -0.713129106580084, -0.512240961867863, 0, -0.886377963831938, -0.0484284140874586, -0.750998852241527, -0.53132727920359, -0.0259845625986062, 0, -0.756194297245392, -0.385240067361798, -0.345826662493943, -0.884262151554166, 0.471562025498231, 0, -0.437546083657441, -0.253044352764458, -0.083075732840445, -0.505564319405083, 0.554327678365993, 0, -0.845140105984788, 0.0723570768799644, -0.402819574365302, -0.573319089482195, 0.238537185679677, 0, -0.447149426952201, -0.1463573180875, -0.27704631761609, -0.655164361236388, 0.428338710221744;

prior_distribution = 1, 1, 1, 1, 1, 1, 1, 1, 1, 1, 1, 1, 1, 1, 1, 1, 1, 1, 1, 1, 1, 1, 1, 1, 1, 1, 1, 1, 1, 1, 1, 1, 1, 1, 1, 1, 1, 1, 1, 1, 1, 1;

prior_parameters = -0.6554688, 0.194109197515072, -0.111571775657105, 0.472380727077439, -0.111571775657105, 0.472380727077439, -0.6554688, 0.194109197515072, -0.111571775657105, 0.472380727077439, -0.6554688, 0.194109197515072, -0.111571775657105, 0.472380727077439, -0.111571775657105, 0.472380727077439, -0.6554688, 0.194109197515072, -0.111571775657105, 0.472380727077439, -0.6554688, 0.194109197515072, -0.111571775657105, 0.472380727077439, -0.111571775657105, 0.472380727077439, -0.6554688, 0.194109197515072, -0.111571775657105, 0.472380727077439, -0.6554688, 0.194109197515072, -0.111571775657105, 0.472380727077439, -0.111571775657105, 0.472380727077439, -0.6554688, 0.194109197515072, -0.111571775657105, 0.472380727077439, -0.6554688, 0.194109197515072, -0.111571775657105, 0.472380727077439, -0.111571775657105, 0.472380727077439, -0.6554688, 0.194109197515072, -0.111571775657105, 0.472380727077439, -0.6554688, 0.194109197515072, -0.111571775657105, 0.472380727077439, -0.111571775657105, 0.472380727077439, -0.6554688, 0.194109197515072, -0.111571775657105, 0.472380727077439, -0.6554688, 0.194109197515072, -0.111571775657105, 0.472380727077439, -0.111571775657105, 0.472380727077439, -0.6554688, 0.194109197515072, -0.111571775657105, 0.472380727077439;

proposal_variance = 0, 0.003462, 0.003462, 0.000018, 0.000463, 0.000463, 0, 0.000769, 0.000769, 0.000037, 0.001446, 0.001446, 0, 0.001795, 0.001795, 0.000009, 0.00036, 0.00036, 0, 0.005577, 0.005577, 0.00001, 0.000311, 0.000311, 0, 0.003568, 0.003568, 0.000015, 0.000486, 0.000486, 0, 0.002389, 0.002389, 0.000012, 0.000359, 0.000359, 0, 0.004945, 0.004945, 0.000047, 0.000871, 0.000871;

region_breakpoints = true;

regression_link = 1;

regional_param = true;



} ### ANY REGIONAL OR TEMPORAL OR AGE DEPENDENCE IS SPECIFIED ELSEWHERE FOR THIS PARAMETER


log_beta_rw = { param_value = 0, -0.0557558568682982, 0.101807726659747, 0.0546355344271641, 0.0196623377644921, 0.0452053830808454, 0.038397800759279, -0.127997514337622, -0.38701177077831, -0.182611685715317, -0.0704294717111571, 0, -0.16957290760201, 0.197474484583437, 0.0399301949541566, 0.202428719518093, -0.0134766309170942, 0.00574059692372884, -0.00173068779531975, 0.209852181603991, -0.024412438509858, -0.230291793998964, 0, 0.163549790441809, 0.256321552432305, 0.126757836222006, -0.0963918871277152, -0.13378474202168, 0.00711130675032586, -0.124192487381136, 0.0372343335895812, -0.00395877724670721, -0.135468206146028, 0, -0.182326097131111, 0.269935200497182, 0.0956842963349729, -0.140986503889542, 0.0178830169113182, -0.197371962577769, -0.00833899641041946, -0.142888707534368, -0.186053424478006, 0.244067640946973, 0, -0.21527007710239, -0.0268381973145075, 0.194453010298794, -0.0340067777557601, 0.0490590157205638, -0.000420061210630387, -0.0152043885941492, -0.0871012937699221, -0.271712525557393, 0.130228605161603, 0, 0.242411402552182, -0.160931696898871, 0.274519100570075, -0.150750317075526, -0.0213518369061744, 0.0790927553850749, -0.100657502630198, -0.148922360116387, -0.0536867915222557, -0.304764986860387, 0, 0.0211730030440575, -0.0335642133395596, -0.0404411244772341, -0.0851679448953106, 0.103178780797964, 0.0253906975228717, 0.209486615536049, -0.233590062924193, -0.117992432582688, -0.272920838528477;

prior_distribution = 1, 1, 1, 1, 1, 1, 1, 1, 1, 1, 1, 1, 1, 1, 1, 1, 1, 1, 1, 1, 1, 1, 1, 1, 1, 1, 1, 1, 1, 1, 1, 1, 1, 1, 1, 1, 1, 1, 1, 1, 1, 1, 1, 1, 1, 1, 1, 1, 1, 1, 1, 1, 1, 1, 1, 1, 1, 1, 1, 1, 1, 1, 1, 1, 1, 1, 1, 1, 1, 1, 1, 1, 1, 1, 1, 1, 1;

prior_parameters = "log_beta_rw_sd";

proposal_variance = 0, 0.000026, 0.00005, 0.000041, 0.000104, 0.000272, 0.000507, 0.00169, 0.004086, 0.01302, 0.02, 0, 0.000064, 0.000057, 0.000147, 0.000216, 0.000398, 0.001232, 0.002377, 0.00685, 0.008003, 0.02, 0, 0.00001, 0.000023, 0.000038, 0.000056, 0.000201, 0.000328, 0.000916, 0.002964, 0.009492, 0.02, 0, 0.000013, 0.000021, 0.000046, 0.000072, 0.00016, 0.000461, 0.001537, 0.003515, 0.009118, 0.02, 0, 0.000013, 0.000019, 0.000032, 0.000098, 0.000124, 0.000218, 0.00088, 0.002066, 0.00502, 0.02, 0, 0.00002, 0.000028, 0.000038, 0.000122, 0.000222, 0.000458, 0.000816, 0.004169, 0.010337, 0.02, 0, 0.000075, 0.000084, 0.000121, 0.000243, 0.000402, 0.0008, 0.003132, 0.007688, 0.010336, 0.01;

prior_hyper = 1;

regression_link = 1;

regression_design = beta.design.txt;

time_breakpoints = 43, 50, 57, 64, 71, 78, 85, 92, 99, 106;

region_breakpoints = true;

regional_param = true;

}  ## WILL NEED TO GIVE A FACTOR OF 1 IN THE FIRST COMPONENT AFTER THE INVERSE CANONICAL LINK TRANSFORMATION IS APPLIED.


log_beta_rw_sd = { param_value = 0, 0.1248042;

prior_distribution = 1, 1;

prior_parameters = 1, 100;

proposal_variance = 0, 0.097174;

}

R0_amplitude_kA = { param_value = 0.0;

prior_distribution = 1;

}


R0_seasonal_peakday = { param_value = 355;

prior_distribution = 1;

}


exponential_growth_rate = { param_value = 0.251179458645923, 0.238841726162675, 0.25739263116744, 0.284691326402287, 0.246989870242436, 0.221053826360982, 0.24100365268392;

prior_distribution = 1, 1, 1, 1, 1, 1, 1;

prior_parameters = 31.36, 224, 31.36, 224, 31.36, 224, 31.36, 224, 31.36, 224, 31.36, 224, 31.36, 224;

proposal_variance = 0.000003, 0.000003, 0.000003, 0.000003, 0.000003, 0.000003, 0.000003;

region_breakpoints = true;

regional_param = true;

}


log_p_lambda_0 = { param_value = -16.1337770670268, -14.406228329349, -15.9244593822577, -17.3391390750939, -15.8261046658759, -15.474706994136, -16.66400437518;

prior_distribution = 1, 1, 1, 1, 1, 1, 1;

prior_parameters = -17.5, 1.25, -17.5, 1.25, -17.5, 1.25, -17.5, 1.25, -17.5, 1.25, -17.5, 1.25, -17.5, 1.25;

proposal_variance = 0.000284;

region_breakpoints = true;

regional_param = true;

}

prop_susceptible = { param_value = 1.0;

prior_distributions = 1;

}


prop_HI_32_to_HI_8 = {	param_value = 1.0;

prior_distributions = 1;

}


prop_symptomatic = { param_value = 1.0;

prior_distributions = 1;

}


prop_case_to_hosp = { param_value = 0.00000664476965409838, 0.0000187558201045833, 0.0000553905997160434, 0.000296085468483602, 0.00461177361501696, 0.0303476058933946, 0.15692097295329;

prior_distributions = 1, 1, 1, 1, 1, 1, 1;

prior_parameters = 1, 62110.801242236, 1, 23363.4859813084, 1, 5290.00529100529, 1, 1107.64745011086, 1, 120.951219512195, 1, 31.1543408360129, 9.5, 112;

proposal_variance = 0.00036, 0.00036, 0.00036, 0.00036, 0.00036, 0.00036, 0.00036;

age_breakpoints = 2, 3, 4, 5, 6, 7;







}


prop_case_to_death = { param_value = 0.01;

prior_distribution = 1;

}


background_GP = { param_value = 0.0;

prior_distribution = 1;

}


day_of_week_effects = { param_value = 1;

prior_distribution = 1;











}

test_sensitivity = { param_value = 1;

prior_distribution = 1;

} ## CODE CURRENTLY IGNORES ANY VARIATION


test_specificity = { param_value = 1;

prior_distribution = 1;

} ## CODE CURRENTLY IGNORES ANY VARIATION


sero_test_sensitivity = { param_value = 0.7447006;

prior_distribution = 1;

prior_parameters = 52.9, 17.9;

proposal_variance = 0.1;

} ## CODE CURRENTLY IGNORES ANY VARIATION


sero_test_specificity = { param_value = 0.9587963;

prior_distribution = 1;

prior_parameters = 314, 3.18;

proposal_variance = 0.077976;

} ## CODE CURRENTLY IGNORES ANY VARIATION


exponential_growth_rate_hyper = { param_value = 6.3, 57;

prior_distribution = 1, 1;

}


l_p_lambda_0_hyper = { param_value = -19.1495, 4.05411;

prior_distribution = 1, 1;

}


prop_susceptible_hyper = { param_value = 0, 0, 0, 0, 0, 0, 0;

prior_distribution = 1, 1, 1, 1, 1, 1, 1;

}


incubation_distribution = { gamma_mean = 4.0;

gamma_sd = 1.41;

}


symp_to_gp_distribution = { gamma_mean = 0.0;

gamma_sd = 0.0;

}


symp_to_hosp_distribution = { gamma_mean = 15;

gamma_sd = 12.1;

}


symp_to_death_distribution = { gamma_mean = 0.0;

gamma_sd = 0.0;

}


gp_reporting_distribution = { gamma_mean = 3;

gamma_sd = 3;

}


hosp_reporting_distribution = { gamma_mean = 0;

gamma_sd = 0;

}


death_reporting_distribution = { gamma_mean = 0.0;

gamma_sd = 0.0;

}
