

gp_negbin_overdispersion = { param_value = 0.406967;

prior_distribution = 1;

prior_parameters = 1, 0.02;

proposal_variance = 1;

} 


hosp_negbin_overdispersion = { param_value = 0.1632972;

prior_distribution = 1;

prior_parameters = 1, 0.2;

proposal_variance = 2.799636;

} 


latent_period = { param_value = 1;

prior_distribution = 1;

}


relative_infectiousness = { param_value = 1.0;

prior_distribution = 1;
			    
}


importation_rates = { param_value = 0.0;

prior_distribution = 1;

}


infectious_period = { param_value = 0.1842292;

prior_distribution = 1;

prior_parameters = 1.43, 0.549;

proposal_variance = 0.007562;

}

r1_period = { param_value = 5.5;

prior_distribution = 1;

}

immunity_period = { param_value = 99999;

prior_distribution = 1;





}

vacc_1st_disease = { param_value = 0.4666667, 0.4666667, 0.7101449, 0.7101449, 0.479844, 0.45;

prior_distribution = 1, 1, 1, 1, 1, 1;

region_breakpoints = true;

age_breakpoints = true;

time_breakpoints =  1, 2, 3, 4, 5, 6, 7, 8, 9, 10, 11, 12, 13, 14, 15, 16, 17, 18, 19, 20, 21, 22, 23, 24, 25, 26, 27, 28, 29, 30, 31, 32, 33, 34, 35, 36, 37, 38, 39, 40, 41, 42, 43, 44, 45, 46, 47, 48, 49, 50, 51, 52, 53, 54, 55, 56, 57, 58, 59, 60, 61, 62, 63, 64, 65, 66, 67, 68, 69, 70, 71, 72, 73, 74, 75, 76, 77, 78, 79, 80, 81, 82, 83, 84, 85, 86, 87, 88, 89, 90, 91, 92, 93, 94, 95, 96, 97, 98, 99, 100, 101, 102, 103, 104, 105, 106, 107, 108, 109, 110, 111, 112, 113, 114, 115, 116, 117, 118, 119, 120, 121, 122, 123, 124, 125, 126, 127, 128, 129, 130, 131, 132, 133, 134, 135, 136, 137, 138, 139, 140, 141, 142, 143, 144 ;

regression_design = vac.alpha1.design.txt;

}

vacc_nth_disease = { param_value = 0.85, 0.6, 0.8, 0.8, 0.5555556, 0.55;

prior_distribution = 1, 1, 1, 1, 1, 1;

region_breakpoints = true;

age_breakpoints = true;

time_breakpoints =  1, 2, 3, 4, 5, 6, 7, 8, 9, 10, 11, 12, 13, 14, 15, 16, 17, 18, 19, 20, 21, 22, 23, 24, 25, 26, 27, 28, 29, 30, 31, 32, 33, 34, 35, 36, 37, 38, 39, 40, 41, 42, 43, 44, 45, 46, 47, 48, 49, 50, 51, 52, 53, 54, 55, 56, 57, 58, 59, 60, 61, 62, 63, 64, 65, 66, 67, 68, 69, 70, 71, 72, 73, 74, 75, 76, 77, 78, 79, 80, 81, 82, 83, 84, 85, 86, 87, 88, 89, 90, 91, 92, 93, 94, 95, 96, 97, 98, 99, 100, 101, 102, 103, 104, 105, 106, 107, 108, 109, 110, 111, 112, 113, 114, 115, 116, 117, 118, 119, 120, 121, 122, 123, 124, 125, 126, 127, 128, 129, 130, 131, 132, 133, 134, 135, 136, 137, 138, 139, 140, 141, 142, 143, 144 ;

regression_design = vac.alpha2.design.txt;

}

vacc_boost_disease = { param_value = 0.8;

prior_distribution = 1;









}

vacc_4th_disease = { param_value = 0.8;

prior_distribution = 1;











}


vacc_1st_infect = { param_value = 0.625, 0.625, 0.31, 0.31, 0.03875, 0;

prior_distribution = 1, 1, 1, 1, 1, 1;

region_breakpoints = true;

age_breakpoints = true;

time_breakpoints =  1, 2, 3, 4, 5, 6, 7, 8, 9, 10, 11, 12, 13, 14, 15, 16, 17, 18, 19, 20, 21, 22, 23, 24, 25, 26, 27, 28, 29, 30, 31, 32, 33, 34, 35, 36, 37, 38, 39, 40, 41, 42, 43, 44, 45, 46, 47, 48, 49, 50, 51, 52, 53, 54, 55, 56, 57, 58, 59, 60, 61, 62, 63, 64, 65, 66, 67, 68, 69, 70, 71, 72, 73, 74, 75, 76, 77, 78, 79, 80, 81, 82, 83, 84, 85, 86, 87, 88, 89, 90, 91, 92, 93, 94, 95, 96, 97, 98, 99, 100, 101, 102, 103, 104, 105, 106, 107, 108, 109, 110, 111, 112, 113, 114, 115, 116, 117, 118, 119, 120, 121, 122, 123, 124, 125, 126, 127, 128, 129, 130, 131, 132, 133, 134, 135, 136, 137, 138, 139, 140, 141, 142, 143, 144 ;

regression_design = vac.pi1.design.txt;

}

vacc_nth_infect = { param_value = 0.8, 0.775, 0.8, 0.65, 0.1, 0;

prior_distribution = 1, 1, 1, 1, 1, 1;

region_breakpoints = true;

age_breakpoints = true;

time_breakpoints =  1, 2, 3, 4, 5, 6, 7, 8, 9, 10, 11, 12, 13, 14, 15, 16, 17, 18, 19, 20, 21, 22, 23, 24, 25, 26, 27, 28, 29, 30, 31, 32, 33, 34, 35, 36, 37, 38, 39, 40, 41, 42, 43, 44, 45, 46, 47, 48, 49, 50, 51, 52, 53, 54, 55, 56, 57, 58, 59, 60, 61, 62, 63, 64, 65, 66, 67, 68, 69, 70, 71, 72, 73, 74, 75, 76, 77, 78, 79, 80, 81, 82, 83, 84, 85, 86, 87, 88, 89, 90, 91, 92, 93, 94, 95, 96, 97, 98, 99, 100, 101, 102, 103, 104, 105, 106, 107, 108, 109, 110, 111, 112, 113, 114, 115, 116, 117, 118, 119, 120, 121, 122, 123, 124, 125, 126, 127, 128, 129, 130, 131, 132, 133, 134, 135, 136, 137, 138, 139, 140, 141, 142, 143, 144 ;

regression_design = vac.pi2.design.txt;

}

vacc_boost_infect = { param_value = 0.95;

prior_distribution = 1;









}

vacc_4th_infect = { param_value = 0.95;

prior_distribution = 1;











}

prop_case_to_GP_consultation = { param_value = 0.1;

prior_distribution = 1;













}


contact_parameters = { param_value = 0, -0.588351947700451, -0.0851448719593052, -0.521773344132099, -0.649668120669384, 0.134057854202134, 0, -0.778255943411748, 0.170480057829189, -0.641455199935149, -0.943169998304332, -0.524694215146068, 0, -0.884088076955274, -0.076483794098007, -0.729882213657269, -0.917142942713512, 0.0765714491727941, 0, -0.837744210307019, -0.358945079871109, -0.31967050745401, -0.850888081371692, 0.494703494397301, 0, -0.414548808575772, 0.0218781073313191, -0.100150283386474, -0.515759801018234, 0.576299042079027, 0, -0.914854594465106, -0.0179736983193228, -0.524480973390946, -0.821593038878259, 0.226018492865306, 0, -0.327694738747979, -0.258928797495641, -0.285823839783352, -0.563411345116086, 0.528638795852042;

prior_distribution = 1, 1, 1, 1, 1, 1, 1, 1, 1, 1, 1, 1, 1, 1, 1, 1, 1, 1, 1, 1, 1, 1, 1, 1, 1, 1, 1, 1, 1, 1, 1, 1, 1, 1, 1, 1, 1, 1, 1, 1, 1, 1;

prior_parameters = -0.6554688, 0.194109197515072, -0.111571775657105, 0.472380727077439, -0.111571775657105, 0.472380727077439, -0.6554688, 0.194109197515072, -0.111571775657105, 0.472380727077439, -0.6554688, 0.194109197515072, -0.111571775657105, 0.472380727077439, -0.111571775657105, 0.472380727077439, -0.6554688, 0.194109197515072, -0.111571775657105, 0.472380727077439, -0.6554688, 0.194109197515072, -0.111571775657105, 0.472380727077439, -0.111571775657105, 0.472380727077439, -0.6554688, 0.194109197515072, -0.111571775657105, 0.472380727077439, -0.6554688, 0.194109197515072, -0.111571775657105, 0.472380727077439, -0.111571775657105, 0.472380727077439, -0.6554688, 0.194109197515072, -0.111571775657105, 0.472380727077439, -0.6554688, 0.194109197515072, -0.111571775657105, 0.472380727077439, -0.111571775657105, 0.472380727077439, -0.6554688, 0.194109197515072, -0.111571775657105, 0.472380727077439, -0.6554688, 0.194109197515072, -0.111571775657105, 0.472380727077439, -0.111571775657105, 0.472380727077439, -0.6554688, 0.194109197515072, -0.111571775657105, 0.472380727077439, -0.6554688, 0.194109197515072, -0.111571775657105, 0.472380727077439, -0.111571775657105, 0.472380727077439, -0.6554688, 0.194109197515072, -0.111571775657105, 0.472380727077439;

proposal_variance = 0, 0.003462, 0.003462, 0.000018, 0.000463, 0.000463, 0, 0.000769, 0.000769, 0.000037, 0.001446, 0.001446, 0, 0.001795, 0.001795, 0.000009, 0.00036, 0.00036, 0, 0.005577, 0.005577, 0.00001, 0.000311, 0.000311, 0, 0.003568, 0.003568, 0.000015, 0.000486, 0.000486, 0, 0.002389, 0.002389, 0.000012, 0.000359, 0.000359, 0, 0.004945, 0.004945, 0.000047, 0.000871, 0.000871;

region_breakpoints = true;

regression_link = 1;

regional_param = true;



} ### ANY REGIONAL OR TEMPORAL OR AGE DEPENDENCE IS SPECIFIED ELSEWHERE FOR THIS PARAMETER


log_beta_rw = { param_value = 0, -0.0262707207779793, 0.257843074593498, 0.0642732548640707, -0.0536804521020056, -0.0691112208471155, 0.0860221706865179, -0.181936482945012, -0.254870815893074, -0.0232339243804788, -0.0783926798144716, 0, -0.204679612441794, 0.239394955154244, 0.188393252113829, 0.216327980253806, 0.119809443592054, 0.163908335306239, -0.546179415053839, 0.110107134450754, -0.268830819264218, -0.196036638048463, 0, 0.264660575922872, 0.282963878025765, -0.0487526622805862, 0.177718370988397, -0.0809275232756731, -0.195097050610261, -0.202907492681761, 0.183878864454946, -0.178722035094586, 0.18906747602349, 0, -0.0814645308567765, -0.0437469222896888, 0.191285318692755, 0.0416912697904601, 0.0780519519990273, -0.343731103633699, -0.0153049245928736, -0.104836223840201, -0.0995417842684087, -0.194988963602687, 0, -0.0455727014916399, -0.125194349225392, 0.0195960594510243, 0.0706097722682627, 0.0816141957543684, 0.112374630201788, -0.141415884372821, -0.122109745462432, -0.29711442677531, 0.23002647011915, 0, 0.196919813879649, 0.0161253923227231, 0.057476895040979, 0.079470893514874, -0.133602436982449, 0.10060952003392, -0.137596333581922, -0.00776427349929929, -0.0193262245160467, -0.0593311686880783, 0, 0.0666626401453851, 0.0418261720240162, -0.0190834588904816, -0.0398611367809491, 0.0603775843169845, -0.0595698728848574, -0.117789011478228, -0.306768835943648, -0.176787995198524, -0.0185135754715282;

prior_distribution = 1, 1, 1, 1, 1, 1, 1, 1, 1, 1, 1, 1, 1, 1, 1, 1, 1, 1, 1, 1, 1, 1, 1, 1, 1, 1, 1, 1, 1, 1, 1, 1, 1, 1, 1, 1, 1, 1, 1, 1, 1, 1, 1, 1, 1, 1, 1, 1, 1, 1, 1, 1, 1, 1, 1, 1, 1, 1, 1, 1, 1, 1, 1, 1, 1, 1, 1, 1, 1, 1, 1, 1, 1, 1, 1, 1, 1;

prior_parameters = "log_beta_rw_sd";

proposal_variance = 0, 0.000026, 0.00005, 0.000041, 0.000104, 0.000272, 0.000507, 0.00169, 0.004086, 0.01302, 0.02, 0, 0.000064, 0.000057, 0.000147, 0.000216, 0.000398, 0.001232, 0.002377, 0.00685, 0.008003, 0.02, 0, 0.00001, 0.000023, 0.000038, 0.000056, 0.000201, 0.000328, 0.000916, 0.002964, 0.009492, 0.02, 0, 0.000013, 0.000021, 0.000046, 0.000072, 0.00016, 0.000461, 0.001537, 0.003515, 0.009118, 0.02, 0, 0.000013, 0.000019, 0.000032, 0.000098, 0.000124, 0.000218, 0.00088, 0.002066, 0.00502, 0.02, 0, 0.00002, 0.000028, 0.000038, 0.000122, 0.000222, 0.000458, 0.000816, 0.004169, 0.010337, 0.02, 0, 0.000075, 0.000084, 0.000121, 0.000243, 0.000402, 0.0008, 0.003132, 0.007688, 0.010336, 0.01;

prior_hyper = 1;

regression_link = 1;

regression_design = beta.design.txt;

time_breakpoints = 43, 50, 57, 64, 71, 78, 85, 92, 99, 106;

region_breakpoints = true;

regional_param = true;

}  ## WILL NEED TO GIVE A FACTOR OF 1 IN THE FIRST COMPONENT AFTER THE INVERSE CANONICAL LINK TRANSFORMATION IS APPLIED.


log_beta_rw_sd = { param_value = 0, 0.1248042;

prior_distribution = 1, 1;

prior_parameters = 1, 100;

proposal_variance = 0, 0.097174;

}

R0_amplitude_kA = { param_value = 0.0;

prior_distribution = 1;

}


R0_seasonal_peakday = { param_value = 355;

prior_distribution = 1;

}


exponential_growth_rate = { param_value = 0.262140671172936, 0.238706937793464, 0.23809029097733, 0.275953942451547, 0.24331776818657, 0.241399311802612, 0.223308338078082;

prior_distribution = 1, 1, 1, 1, 1, 1, 1;

prior_parameters = 31.36, 224, 31.36, 224, 31.36, 224, 31.36, 224, 31.36, 224, 31.36, 224, 31.36, 224;

proposal_variance = 0.000003, 0.000003, 0.000003, 0.000003, 0.000003, 0.000003, 0.000003;

region_breakpoints = true;

regional_param = true;

}


log_p_lambda_0 = { param_value = -16.3856485443971, -14.365402085141, -15.3777753672671, -17.1294286699198, -15.8975316466577, -16.0549400991745, -16.2006784068795;

prior_distribution = 1, 1, 1, 1, 1, 1, 1;

prior_parameters = -17.5, 1.25, -17.5, 1.25, -17.5, 1.25, -17.5, 1.25, -17.5, 1.25, -17.5, 1.25, -17.5, 1.25;

proposal_variance = 0.000284;

region_breakpoints = true;

regional_param = true;

}

prop_susceptible = { param_value = 1.0;

prior_distributions = 1;

}


prop_HI_32_to_HI_8 = {	param_value = 1.0;

prior_distributions = 1;

}


prop_symptomatic = { param_value = 1.0;

prior_distributions = 1;

}


prop_case_to_hosp = { param_value = 0.00000641113498382942, 0.0000232243406085602, 0.000053335104348988, 0.000291964473052748, 0.00474720235947417, 0.0303811032853113, 0.157278464853233;

prior_distributions = 1, 1, 1, 1, 1, 1, 1;

prior_parameters = 1, 62110.801242236, 1, 23363.4859813084, 1, 5290.00529100529, 1, 1107.64745011086, 1, 120.951219512195, 1, 31.1543408360129, 9.5, 112;

proposal_variance = 0.00036, 0.00036, 0.00036, 0.00036, 0.00036, 0.00036, 0.00036;

age_breakpoints = 2, 3, 4, 5, 6, 7;







}


prop_case_to_death = { param_value = 0.01;

prior_distribution = 1;

}


background_GP = { param_value = 0.0;

prior_distribution = 1;

}


day_of_week_effects = { param_value = 1;

prior_distribution = 1;











}

test_sensitivity = { param_value = 1;

prior_distribution = 1;

} ## CODE CURRENTLY IGNORES ANY VARIATION


test_specificity = { param_value = 1;

prior_distribution = 1;

} ## CODE CURRENTLY IGNORES ANY VARIATION


sero_test_sensitivity = { param_value = 0.7390205;

prior_distribution = 1;

prior_parameters = 52.9, 17.9;

proposal_variance = 0.1;

} ## CODE CURRENTLY IGNORES ANY VARIATION


sero_test_specificity = { param_value = 0.9615249;

prior_distribution = 1;

prior_parameters = 314, 3.18;

proposal_variance = 0.077976;

} ## CODE CURRENTLY IGNORES ANY VARIATION


exponential_growth_rate_hyper = { param_value = 6.3, 57;

prior_distribution = 1, 1;

}


l_p_lambda_0_hyper = { param_value = -19.1495, 4.05411;

prior_distribution = 1, 1;

}


prop_susceptible_hyper = { param_value = 0, 0, 0, 0, 0, 0, 0;

prior_distribution = 1, 1, 1, 1, 1, 1, 1;

}


incubation_distribution = { gamma_mean = 4.0;

gamma_sd = 1.41;

}


symp_to_gp_distribution = { gamma_mean = 0.0;

gamma_sd = 0.0;

}


symp_to_hosp_distribution = { gamma_mean = 15;

gamma_sd = 12.1;

}


symp_to_death_distribution = { gamma_mean = 0.0;

gamma_sd = 0.0;

}


gp_reporting_distribution = { gamma_mean = 3;

gamma_sd = 3;

}


hosp_reporting_distribution = { gamma_mean = 0;

gamma_sd = 0;

}


death_reporting_distribution = { gamma_mean = 0.0;

gamma_sd = 0.0;

}
