

gp_negbin_overdispersion = { param_value = 0.406967;

prior_distribution = 1;

prior_parameters = 1, 0.02;

proposal_variance = 1;

} 


hosp_negbin_overdispersion = { param_value = 0.1116307;

prior_distribution = 1;

prior_parameters = 1, 0.2;

proposal_variance = 2.799636;

} 


latent_period = { param_value = 1;

prior_distribution = 1;

}


relative_infectiousness = { param_value = 1.0;

prior_distribution = 1;
			    
}


importation_rates = { param_value = 0.0;

prior_distribution = 1;

}


infectious_period = { param_value = 11.2725135;

prior_distribution = 1;

prior_parameters = 1.43, 0.549;

proposal_variance = 0.007562;

}

r1_period = { param_value = 5.5;

prior_distribution = 1;

}

immunity_period = { param_value = 99999;

prior_distribution = 1;





}

vacc_1st_disease = { param_value = 0.4666667, 0.4666667, 0.7101449, 0.7101449, 0.479844, 0.45;

prior_distribution = 1, 1, 1, 1, 1, 1;

region_breakpoints = true;

age_breakpoints = true;

time_breakpoints =  1, 2, 3, 4, 5, 6, 7, 8, 9, 10, 11, 12, 13, 14, 15, 16, 17, 18, 19, 20, 21, 22, 23, 24, 25, 26, 27, 28, 29, 30, 31, 32, 33, 34, 35, 36, 37, 38, 39, 40, 41, 42, 43, 44, 45, 46, 47, 48, 49, 50, 51, 52, 53, 54, 55, 56, 57, 58, 59, 60, 61, 62, 63, 64, 65, 66, 67, 68, 69, 70, 71, 72, 73, 74, 75, 76, 77, 78, 79, 80, 81, 82, 83, 84, 85, 86, 87, 88, 89, 90, 91, 92, 93, 94, 95, 96, 97, 98, 99, 100, 101, 102, 103, 104, 105, 106, 107, 108, 109, 110, 111, 112, 113, 114, 115, 116, 117, 118, 119, 120, 121, 122, 123, 124, 125, 126, 127, 128, 129, 130, 131, 132, 133, 134, 135, 136, 137, 138, 139, 140, 141, 142, 143, 144 ;

regression_design = vac.alpha1.design.txt;

}

vacc_nth_disease = { param_value = 0.85, 0.6, 0.8, 0.8, 0.5555556, 0.55;

prior_distribution = 1, 1, 1, 1, 1, 1;

region_breakpoints = true;

age_breakpoints = true;

time_breakpoints =  1, 2, 3, 4, 5, 6, 7, 8, 9, 10, 11, 12, 13, 14, 15, 16, 17, 18, 19, 20, 21, 22, 23, 24, 25, 26, 27, 28, 29, 30, 31, 32, 33, 34, 35, 36, 37, 38, 39, 40, 41, 42, 43, 44, 45, 46, 47, 48, 49, 50, 51, 52, 53, 54, 55, 56, 57, 58, 59, 60, 61, 62, 63, 64, 65, 66, 67, 68, 69, 70, 71, 72, 73, 74, 75, 76, 77, 78, 79, 80, 81, 82, 83, 84, 85, 86, 87, 88, 89, 90, 91, 92, 93, 94, 95, 96, 97, 98, 99, 100, 101, 102, 103, 104, 105, 106, 107, 108, 109, 110, 111, 112, 113, 114, 115, 116, 117, 118, 119, 120, 121, 122, 123, 124, 125, 126, 127, 128, 129, 130, 131, 132, 133, 134, 135, 136, 137, 138, 139, 140, 141, 142, 143, 144 ;

regression_design = vac.alpha2.design.txt;

}

vacc_boost_disease = { param_value = 0.8;

prior_distribution = 1;









}

vacc_4th_disease = { param_value = 0.8;

prior_distribution = 1;











}


vacc_1st_infect = { param_value = 0.625, 0.625, 0.31, 0.31, 0.03875, 0;

prior_distribution = 1, 1, 1, 1, 1, 1;

region_breakpoints = true;

age_breakpoints = true;

time_breakpoints =  1, 2, 3, 4, 5, 6, 7, 8, 9, 10, 11, 12, 13, 14, 15, 16, 17, 18, 19, 20, 21, 22, 23, 24, 25, 26, 27, 28, 29, 30, 31, 32, 33, 34, 35, 36, 37, 38, 39, 40, 41, 42, 43, 44, 45, 46, 47, 48, 49, 50, 51, 52, 53, 54, 55, 56, 57, 58, 59, 60, 61, 62, 63, 64, 65, 66, 67, 68, 69, 70, 71, 72, 73, 74, 75, 76, 77, 78, 79, 80, 81, 82, 83, 84, 85, 86, 87, 88, 89, 90, 91, 92, 93, 94, 95, 96, 97, 98, 99, 100, 101, 102, 103, 104, 105, 106, 107, 108, 109, 110, 111, 112, 113, 114, 115, 116, 117, 118, 119, 120, 121, 122, 123, 124, 125, 126, 127, 128, 129, 130, 131, 132, 133, 134, 135, 136, 137, 138, 139, 140, 141, 142, 143, 144 ;

regression_design = vac.pi1.design.txt;

}

vacc_nth_infect = { param_value = 0.8, 0.775, 0.8, 0.65, 0.1, 0;

prior_distribution = 1, 1, 1, 1, 1, 1;

region_breakpoints = true;

age_breakpoints = true;

time_breakpoints =  1, 2, 3, 4, 5, 6, 7, 8, 9, 10, 11, 12, 13, 14, 15, 16, 17, 18, 19, 20, 21, 22, 23, 24, 25, 26, 27, 28, 29, 30, 31, 32, 33, 34, 35, 36, 37, 38, 39, 40, 41, 42, 43, 44, 45, 46, 47, 48, 49, 50, 51, 52, 53, 54, 55, 56, 57, 58, 59, 60, 61, 62, 63, 64, 65, 66, 67, 68, 69, 70, 71, 72, 73, 74, 75, 76, 77, 78, 79, 80, 81, 82, 83, 84, 85, 86, 87, 88, 89, 90, 91, 92, 93, 94, 95, 96, 97, 98, 99, 100, 101, 102, 103, 104, 105, 106, 107, 108, 109, 110, 111, 112, 113, 114, 115, 116, 117, 118, 119, 120, 121, 122, 123, 124, 125, 126, 127, 128, 129, 130, 131, 132, 133, 134, 135, 136, 137, 138, 139, 140, 141, 142, 143, 144 ;

regression_design = vac.pi2.design.txt;

}

vacc_boost_infect = { param_value = 0.95;

prior_distribution = 1;









}

vacc_4th_infect = { param_value = 0.95;

prior_distribution = 1;











}

prop_case_to_GP_consultation = { param_value = 0.1;

prior_distribution = 1;













}


contact_parameters = { param_value = 0, -0.529034268498393, 0.268920217988849, -1.38823110495771, -0.7619692872223, -0.558648008018243, 0, -0.664748662349613, 0.280955895312588, -1.66732392229502, -1.03135199767436, -1.21472273307125, 0, -0.586806591774008, 0.292967782123941, -1.23290734812213, -0.892846619632201, -0.353518034994159, 0, -0.365277081846137, 0.230134537675897, -1.39331511068605, -1.1648677372932, -0.409947646016067, 0, -0.460944012099205, 0.345635764438234, -1.10396904573456, -0.926686398609447, -0.261083242853363, 0, -0.419624019291773, 0.455336925895431, -0.775921497215565, -0.628590673351052, 0.0546416296066426, 0, -0.763692305223628, 0.167211404468553, -1.08607392371135, -0.729997201282347, -0.100578779120334;

prior_distribution = 1, 1, 1, 1, 1, 1, 1, 1, 1, 1, 1, 1, 1, 1, 1, 1, 1, 1, 1, 1, 1, 1, 1, 1, 1, 1, 1, 1, 1, 1, 1, 1, 1, 1, 1, 1, 1, 1, 1, 1, 1, 1;

prior_parameters = -0.6554688, 0.194109197515072, -0.111571775657105, 0.472380727077439, -0.111571775657105, 0.472380727077439, -0.6554688, 0.194109197515072, -0.111571775657105, 0.472380727077439, -0.6554688, 0.194109197515072, -0.111571775657105, 0.472380727077439, -0.111571775657105, 0.472380727077439, -0.6554688, 0.194109197515072, -0.111571775657105, 0.472380727077439, -0.6554688, 0.194109197515072, -0.111571775657105, 0.472380727077439, -0.111571775657105, 0.472380727077439, -0.6554688, 0.194109197515072, -0.111571775657105, 0.472380727077439, -0.6554688, 0.194109197515072, -0.111571775657105, 0.472380727077439, -0.111571775657105, 0.472380727077439, -0.6554688, 0.194109197515072, -0.111571775657105, 0.472380727077439, -0.6554688, 0.194109197515072, -0.111571775657105, 0.472380727077439, -0.111571775657105, 0.472380727077439, -0.6554688, 0.194109197515072, -0.111571775657105, 0.472380727077439, -0.6554688, 0.194109197515072, -0.111571775657105, 0.472380727077439, -0.111571775657105, 0.472380727077439, -0.6554688, 0.194109197515072, -0.111571775657105, 0.472380727077439, -0.6554688, 0.194109197515072, -0.111571775657105, 0.472380727077439, -0.111571775657105, 0.472380727077439, -0.6554688, 0.194109197515072, -0.111571775657105, 0.472380727077439;

proposal_variance = 0, 0.003462, 0.003462, 0.000018, 0.000463, 0.000463, 0, 0.000769, 0.000769, 0.000037, 0.001446, 0.001446, 0, 0.001795, 0.001795, 0.000009, 0.00036, 0.00036, 0, 0.005577, 0.005577, 0.00001, 0.000311, 0.000311, 0, 0.003568, 0.003568, 0.000015, 0.000486, 0.000486, 0, 0.002389, 0.002389, 0.000012, 0.000359, 0.000359, 0, 0.004945, 0.004945, 0.000047, 0.000871, 0.000871;

region_breakpoints = true;

regression_link = 1;

regional_param = true;



} ### ANY REGIONAL OR TEMPORAL OR AGE DEPENDENCE IS SPECIFIED ELSEWHERE FOR THIS PARAMETER


log_beta_rw = { param_value = 0, -0.0277699087604849, 0.194562980547252, 0.0412302126209568, -0.285773473117283, 0.173228407776139, -0.420212687201878, 0.106390841612412, -0.388066519548146, 0.151970585999255, -0.15653559165793, 0, 0.273450559679334, 0.123168867863726, 0.0487785556415836, -0.219991987483754, -0.269618317432863, -0.18611293030587, -0.0918992930576367, 0.0864278525222103, 0.168314584612436, 0.196499789903589, 0, 0.137209259261025, 0.211758699493815, -0.243235666535025, 0.0311638328116053, -0.243812324136476, 0.081197546482951, -0.12740016601379, -0.200829491225584, 0.0770644409830868, -0.0162808046754362, 0, -0.256687945504338, 0.345751137560002, -0.0167288599540166, -0.308882917068124, -0.0879697778371802, -0.264862326059694, 0.219319484099919, -0.223345943722, 0.0234547539883724, -0.351714074726452, 0, -0.108012953924695, -0.0757476241202953, -0.0230771560220624, -0.098622925973694, -0.0951064279699541, 0.0308890159681441, 0.086471936136913, -0.164644797816741, -0.23042913019121, -0.16527069288621, 0, -0.0922968495391327, 0.064709422330586, -0.292230429919103, 0.113086812843232, -0.0200848256329123, -0.0272849900863662, -0.233739631988263, -0.0108649409455013, -0.188063516714752, -0.045604938465973, 0, -0.0898807778159959, -0.331029460792589, 0.0846213155664851, -0.23569329252509, 0.00577548140980555, 0.191087140788401, -0.283978468978415, 0.0212918246422052, -0.24334146287049, -0.061710662843573;

prior_distribution = 1, 1, 1, 1, 1, 1, 1, 1, 1, 1, 1, 1, 1, 1, 1, 1, 1, 1, 1, 1, 1, 1, 1, 1, 1, 1, 1, 1, 1, 1, 1, 1, 1, 1, 1, 1, 1, 1, 1, 1, 1, 1, 1, 1, 1, 1, 1, 1, 1, 1, 1, 1, 1, 1, 1, 1, 1, 1, 1, 1, 1, 1, 1, 1, 1, 1, 1, 1, 1, 1, 1, 1, 1, 1, 1, 1, 1;

prior_parameters = "log_beta_rw_sd";

proposal_variance = 0, 0.000026, 0.00005, 0.000041, 0.000104, 0.000272, 0.000507, 0.00169, 0.004086, 0.01302, 0.02, 0, 0.000064, 0.000057, 0.000147, 0.000216, 0.000398, 0.001232, 0.002377, 0.00685, 0.008003, 0.02, 0, 0.00001, 0.000023, 0.000038, 0.000056, 0.000201, 0.000328, 0.000916, 0.002964, 0.009492, 0.02, 0, 0.000013, 0.000021, 0.000046, 0.000072, 0.00016, 0.000461, 0.001537, 0.003515, 0.009118, 0.02, 0, 0.000013, 0.000019, 0.000032, 0.000098, 0.000124, 0.000218, 0.00088, 0.002066, 0.00502, 0.02, 0, 0.00002, 0.000028, 0.000038, 0.000122, 0.000222, 0.000458, 0.000816, 0.004169, 0.010337, 0.02, 0, 0.000075, 0.000084, 0.000121, 0.000243, 0.000402, 0.0008, 0.003132, 0.007688, 0.010336, 0.01;

prior_hyper = 1;

regression_link = 1;

regression_design = beta.design.txt;

time_breakpoints = 43, 50, 57, 64, 71, 78, 85, 92, 99, 106;

region_breakpoints = true;

regional_param = true;

}  ## WILL NEED TO GIVE A FACTOR OF 1 IN THE FIRST COMPONENT AFTER THE INVERSE CANONICAL LINK TRANSFORMATION IS APPLIED.


log_beta_rw_sd = { param_value = 0, 0.1389729;

prior_distribution = 1, 1;

prior_parameters = 1, 100;

proposal_variance = 0, 0.097174;

}

R0_amplitude_kA = { param_value = 0.0;

prior_distribution = 1;

}


R0_seasonal_peakday = { param_value = 355;

prior_distribution = 1;

}


exponential_growth_rate = { param_value = 0.199113894371995, 0.156312673930007, 0.169452973230458, 0.255195350055201, 0.220471447263776, 0.157713040288833, 0.194031983115999;

prior_distribution = 1, 1, 1, 1, 1, 1, 1;

prior_parameters = 31.36, 224, 31.36, 224, 31.36, 224, 31.36, 224, 31.36, 224, 31.36, 224, 31.36, 224;

proposal_variance = 0.000003, 0.000003, 0.000003, 0.000003, 0.000003, 0.000003, 0.000003;

region_breakpoints = true;

regional_param = true;

}


log_p_lambda_0 = { param_value = -14.085706673359, -11.6419351038406, -13.1011957638172, -15.7454380397599, -14.5447130033356, -13.3167461586365, -14.8581666236753;

prior_distribution = 1, 1, 1, 1, 1, 1, 1;

prior_parameters = -17.5, 1.25, -17.5, 1.25, -17.5, 1.25, -17.5, 1.25, -17.5, 1.25, -17.5, 1.25, -17.5, 1.25;

proposal_variance = 0.000284;

region_breakpoints = true;

regional_param = true;

}

prop_susceptible = { param_value = 1.0;

prior_distributions = 1;

}


prop_HI_32_to_HI_8 = {	param_value = 1.0;

prior_distributions = 1;

}


prop_symptomatic = { param_value = 1.0;

prior_distributions = 1;

}


prop_case_to_hosp = { param_value = 0.00000233748284315471, 0.0000138994719315408, 0.0000302522141138663, 0.000267901116983608, 0.00357907139251035, 0.0234503109029751, 0.101764655071958;

prior_distributions = 1, 1, 1, 1, 1, 1, 1;

prior_parameters = 1, 62110.801242236, 1, 23363.4859813084, 1, 5290.00529100529, 1, 1107.64745011086, 1, 120.951219512195, 1, 31.1543408360129, 9.5, 112;

proposal_variance = 0.00036, 0.00036, 0.00036, 0.00036, 0.00036, 0.00036, 0.00036;

age_breakpoints = 2, 3, 4, 5, 6, 7;







}


prop_case_to_death = { param_value = 0.01;

prior_distribution = 1;

}


background_GP = { param_value = 0.0;

prior_distribution = 1;

}


day_of_week_effects = { param_value = 1;

prior_distribution = 1;











}

test_sensitivity = { param_value = 1;

prior_distribution = 1;

} ## CODE CURRENTLY IGNORES ANY VARIATION


test_specificity = { param_value = 1;

prior_distribution = 1;

} ## CODE CURRENTLY IGNORES ANY VARIATION


sero_test_sensitivity = { param_value = 0.7275425;

prior_distribution = 1;

prior_parameters = 52.9, 17.9;

proposal_variance = 0.1;

} ## CODE CURRENTLY IGNORES ANY VARIATION


sero_test_specificity = { param_value = 0.9683714;

prior_distribution = 1;

prior_parameters = 314, 3.18;

proposal_variance = 0.077976;

} ## CODE CURRENTLY IGNORES ANY VARIATION


exponential_growth_rate_hyper = { param_value = 6.3, 57;

prior_distribution = 1, 1;

}


l_p_lambda_0_hyper = { param_value = -19.1495, 4.05411;

prior_distribution = 1, 1;

}


prop_susceptible_hyper = { param_value = 0, 0, 0, 0, 0, 0, 0;

prior_distribution = 1, 1, 1, 1, 1, 1, 1;

}


incubation_distribution = { gamma_mean = 4.0;

gamma_sd = 1.41;

}


symp_to_gp_distribution = { gamma_mean = 0.0;

gamma_sd = 0.0;

}


symp_to_hosp_distribution = { gamma_mean = 15;

gamma_sd = 6.9;

}


symp_to_death_distribution = { gamma_mean = 0.0;

gamma_sd = 0.0;

}


gp_reporting_distribution = { gamma_mean = 3;

gamma_sd = 3;

}


hosp_reporting_distribution = { gamma_mean = 0;

gamma_sd = 0;

}


death_reporting_distribution = { gamma_mean = 0.0;

gamma_sd = 0.0;

}
